4593515621336
4593515948182
4593515986961
4593515697380
4593515070368
4593515649528
4593515201212
4593515876544
4593515494902
4593515856767
4593515467918
4593515113495
4593515001909
4593515371348
4593515771888
4593515504039
4593515835160
4593515762404
4593515395147
4593515477625
4593515050783
4593515854094
4593515829733
4593515987153
4593515054481
4593515978561
4593515471776
4593515994541
4593515165817
4593515548490
4593515689338
4593515554914
4593515275786
4593515142575
4593515058848
4593515789331
4593515050626
4593515954835
4593515528364
4593515605715
4593515304840
4593515021707
4593515676509
4593515957054
4593515148525
4593515667896
4593515955371
4593515465690
4593515690734
4593515490455
4593515154406
4593515450292
4593515195088
4593515512106
4593515251071
4593515497488
4593515482479
4593515864869
4593515184948
4593515812392
4593515489401
4593515780009
4593515288069
4593515960421
4593515402536
4593515544026
4593515609976
4593515974106
4593515025756
4593515850331
4593515744913
4593515518338
4593515766356
4593515604835
4593515398147
4593515995846
4593515725939
4593515609936
4593515283341
4593515701702
4593515626929
4593515994056
4593515838197
4593515984939
4593515220456
4593515762516
4593515119238
4593515791010
4593515382582
4593515746807
4593515960169
4593515160961
4593515314537
4593515195940
4593515472463
4593515202625
4593515885120
4593515159818
4593515791060
4593515083308
4593515901662
4593515722760
4593515752115
4593515805183
4593515969730
4593515450828
4593515890563
4593515519332
4593515654514
4593515297239
4593515421836
4593515793646
4593515589610
4593515835524
4593515555818
4593515549840
4593515807164
4593515981186
4593515449740
4593515676543
4593515558366
4593515118252
4593515683092
4593515091893
4593515728366
4593515389151
4593515794942
4593515184912
4593515868156
4593515931562
4593515059769
4593515120888
4593515144738
4593515540681
4593515640595
4593515269738
4593515317023
4593515585858
4593515131397
4593515065857
4593515987114
4593515948951
4593515452440
4593515350045
4593515280112
4593515630147
4593515086319
4593515906899
4593515309587
4593515873775
4593515035716
4593515074547
4593515438434
4593515627413
4593515243729
4593515132848
4593515590405
4593515992522
4593515870928
4593515719525
4593515018447
4593515463830
4593515080549
4593515626149
4593515450609
4593515943491
4593515125706
4593515836558
4593515952601
4593515097981
4593515692409
4593515022040
4593515313005
4593515692518
4593515830906
4593515421827
4593515554559
4593515713980
4593515025429
4593515868648
4593515314078
4593515119021
4593515850338
4593515948538
4593515469167
4593515956833
4593515110100
4593515551968
4593515598789
4593515795873
4593515672221
4593515678714
4593515267626
4593515878368
4593515731926
4593515719556
4593515167915
4593515860982
4593515286379
4593515317820
4593515486094
4593515880617
4593515657357
4593515805841
4593515336149
4593515455175
4593515624981
4593515940447
4593515363403
4593515639211
4593515016001
4593515588946
4593515863131
4593515898336
4593515314145
4593515331720
4593515453789
4593515647853
4593515868269
4593515566153
4593515916042
4593515671191
4593515021649
4593515893733
4593515304119
4593515938244
4593515216501
4593515424032
4593515174083
4593515510148
4593515820043
4593515616714
4593515343355
4593515963937
4593515526414
4593515283266
4593515985134
4593515233909
4593515102396
4593515896531
4593515738581
4593515462281
4593515259433
4593515481684
4593515222509
4593515551552
4593515487801
4593515803534
4593515093143
4593515690972
4593515672344
4593515789688
4593515176231
4593515559724
4593515510085
4593515304843
4593515198269
4593515367606
4593515551468
4593515183921
4593515800874
4593515788587
4593515819395
4593515331977
4593515455293
4593515355250
4593515363909
4593515194994
4593515029217
4593515248383
4593515581932
4593515037949
4593515612358
4593515813032
4593515244823
4593515039575
4593515754055
4593515667436
4593515550129
4593515398706
4593515821257
4593515897168
4593515088892
4593515222318
4593515757861
4593515917145
4593515633040
4593515782938
4593515573307
4593515884437
4593515640795
4593515599992
4593515870726
4593515185063
4593515686349
4593515250279
4593515421492
4593515841312
4593515395495
4593515609309
4593515877632
4593515870902
4593515029734
4593515854124
4593515414194
4593515706650
4593515565026
4593515725538
4593515837800
4593515612264
4593515405724
4593515811810
4593515769527
4593515358927
4593515013822
4593515064477
4593515562235
4593515078391
4593515558917
4593515343313
4593515985059
4593515751001
4593515576055
4593515899645
4593515370178
4593515209597
4593515305165
4593515351118
4593515981173
4593515178854
4593515874566
4593515038734
4593515472120
4593515121130
4593515014289
4593515788765
4593515422973
4593515943221
4593515176731
4593515278887
4593515015322
4593515844385
4593515289385
4593515602941
4593515930946
4593515658757
4593515145832
4593515141959
4593515372856
4593515492349
4593515292227
4593515660846
4593515692592
4593515496008
4593515384028
4593515155967
4593515807260
4593515111398
4593515001204
4593515347596
4593515100798
4593515539344
4593515789011
4593515861648
4593515588490
4593515366743
4593515801919
4593515215103
4593515674555
4593515180878
4593515919349
4593515223128
4593515934087
4593515894948
4593515606465
4593515499460
4593515955987
4593515628606
4593515988914
4593515392656
4593515111013
4593515276415
4593515812411
4593515941491
4593515857036
4593515271153
4593515788249
4593515788105
4593515851723
4593515463715
4593515528817
4593515601760
4593515598433
4593515549318
4593515430493
4593515072127
4593515369022
4593515733566
4593515238653
4593515241289
4593515044771
4593515609238
4593515858051
4593515105044
4593515478301
4593515280312
4593515721376
4593515061077
4593515175116
4593515389388
4593515897400
4593515415966
4593515226213
4593515556813
4593515188307
4593515322333
4593515945529
4593515363899
4593515676862
4593515778942
4593515333893
4593515254894
4593515028069
4593515824639
4593515462284
4593515092916
4593515876260
4593515697712
4593515587615
4593515973478
4593515584097
4593515067631
4593515497220
4593515021129
4593515339942
4593515324630
4593515798910
4593515459465
4593515196765
4593515387124
4593515975899
4593515398104
4593515974870
4593515376163
4593515172623
4593515185519
4593515268326
4593515291299
4593515697049
4593515290908
